1 0 273 18347 0 0 0 0 0 0 0 0 0 0 0 0 2 2 0.00 0.00 0.00 0.00 1.00 0.00 0.00 2 255 1.00 0.00 0.50 0.03 0.00 0.00 0.00 0.00
1 0 270 3557 0 0 0 0 0 0 0 0 0 0 0 0 12 12 0.00 0.00 0.00 0.00 1.00 0.00 0.00 12 255 1.00 0.00 0.08 0.03 0.00 0.00 0.00 0.00
1 0 296 9308 0 0 0 0 0 0 0 0 0 0 0 0 2 2 0.00 0.00 0.00 0.00 1.00 0.00 0.00 22 255 1.00 0.00 0.05 0.03 0.00 0.00 0.00 0.00
1 0 300 1376 0 0 0 0 0 0 0 0 0 0 0 0 56 56 0.00 0.00 0.00 0.00 1.00 0.00 0.00 60 255 1.00 0.00 0.02 0.03 0.00 0.00 0.00 0.00
1 0 230 2130 0 0 0 0 0 0 0 0 0 0 0 0 3 3 0.00 0.00 0.00 0.00 1.00 0.00 0.00 70 255 1.00 0.00 0.01 0.03 0.00 0.00 0.00 0.00
1 0 297 1346 0 0 0 0 0 0 0 0 0 0 0 0 13 13 0.00 0.00 0.00 0.00 1.00 0.00 0.00 80 255 1.00 0.00 0.01 0.03 0.00 0.00 0.00 0.00
1 0 290 1091 0 0 0 0 0 0 0 0 0 0 0 0 23 23 0.00 0.00 0.00 0.00 1.00 0.00 0.00 90 255 1.00 0.00 0.01 0.03 0.00 0.00 0.00 0.00
1 0 294 1093 0 0 0 0 0 0 0 0 0 0 0 0 33 33 0.00 0.00 0.00 0.00 1.00 0.00 0.00 100 255 1.00 0.00 0.01 0.03 0.00 0.00 0.00 0.00
1 0 294 1420 0 0 0 0 0 0 0 0 0 0 0 0 43 44 0.00 0.00 0.00 0.00 1.00 0.00 0.05 110 255 1.00 0.00 0.01 0.03 0.00 0.00 0.00 0.00
1 0 296 1426 0 0 0 0 0 0 0 0 0 0 0 0 53 54 0.00 0.00 0.00 0.00 1.00 0.00 0.04 120 255 1.00 0.00 0.01 0.03 0.00 0.00 0.00 0.00
1 0 294 1439 0 0 0 0 0 0 0 0 0 0 0 0 63 64 0.00 0.00 0.00 0.00 1.00 0.00 0.03 130 255 1.00 0.00 0.01 0.03 0.00 0.00 0.00 0.00
1 0 203 27130 0 0 0 0 0 0 0 0 0 0 0 0 6 7 0.00 0.00 0.00 0.00 1.00 0.00 0.29 6 255 1.00 0.00 0.17 0.03 0.00 0.00 0.00 0.00
1 0 277 1684 0 0 0 0 0 0 0 0 0 0 0 0 10 10 0.00 0.00 0.00 0.00 1.00 0.00 0.00 10 255 1.00 0.00 0.10 0.03 0.00 0.00 0.00 0.00
1 0 294 2542 0 0 0 0 0 0 0 0 0 0 0 0 5 5 0.00 0.00 0.00 0.00 1.00 0.00 0.00 5 255 1.00 0.00 0.20 0.03 0.00 0.00 0.00 0.00
1 0 230 3165 0 0 0 0 0 0 0 0 0 0 0 0 1 1 0.00 0.00 0.00 0.00 1.00 0.00 0.00 1 255 1.00 0.00 1.00 0.04 0.00 0.00 0.00 0.00
1 0 305 3234 0 0 0 0 0 0 0 0 0 0 0 0 4 4 0.00 0.00 0.00 0.00 1.00 0.00 0.00 11 255 1.00 0.00 0.09 0.04 0.00 0.00 0.00 0.00
1 0 311 2170 0 0 0 0 0 0 0 0 0 0 0 0 3 5 0.00 0.00 0.00 0.00 1.00 0.00 0.40 3 255 1.00 0.00 0.33 0.05 0.00 0.00 0.00 0.00
1 0 308 11121 0 0 0 0 0 0 0 0 0 0 0 0 13 13 0.00 0.00 0.00 0.00 1.00 0.00 0.00 13 255 1.00 0.00 0.08 0.05 0.00 0.00 0.00 0.00
1 0 313 2142 0 0 0 0 0 0 0 0 0 0 0 0 8 8 0.00 0.00 0.00 0.00 1.00 0.00 0.00 23 255 1.00 0.00 0.04 0.05 0.00 0.00 0.00 0.00
1 0 285 330 0 0 0 0 0 0 0 0 0 0 0 0 3 3 0.00 0.00 0.00 0.00 1.00 0.00 0.00 3 255 1.00 0.00 0.33 0.06 0.00 0.00 0.00 0.00
1 0 286 531 0 0 0 0 0 0 0 0 0 0 0 0 13 13 0.00 0.00 0.00 0.00 1.00 0.00 0.00 13 255 1.00 0.00 0.08 0.06 0.00 0.00 0.00 0.00
1 0 283 324 0 0 0 0 0 0 0 0 0 0 0 0 23 23 0.00 0.00 0.00 0.00 1.00 0.00 0.00 23 255 1.00 0.00 0.04 0.06 0.00 0.00 0.00 0.00
1 0 258 1205 0 0 0 0 0 0 0 0 0 0 0 0 1 1 0.00 0.00 0.00 0.00 1.00 0.00 0.00 33 255 1.00 0.00 0.03 0.06 0.00 0.00 0.00 0.00
1 0 284 9133 0 0 0 0 0 0 0 0 0 0 0 0 10 10 0.00 0.00 0.00 0.00 1.00 0.00 0.00 10 255 1.00 0.00 0.10 0.05 0.00 0.00 0.00 0.00
1 0 276 2903 0 0 0 0 0 0 0 0 0 0 0 0 20 20 0.00 0.00 0.00 0.00 1.00 0.00 0.00 20 255 1.00 0.00 0.05 0.05 0.00 0.00 0.00 0.00
1 0 190 1603 0 0 0 0 0 0 0 0 0 0 0 0 9 10 0.00 0.00 0.00 0.00 1.00 0.00 0.20 30 255 1.00 0.00 0.03 0.05 0.00 0.00 0.00 0.00
1 0 196 393 0 0 0 0 0 0 0 0 0 0 0 0 19 25 0.00 0.00 0.00 0.00 1.00 0.00 0.12 40 255 1.00 0.00 0.03 0.05 0.00 0.00 0.00 0.00
1 0 284 393 0 0 0 0 0 0 0 0 0 0 0 0 8 8 0.00 0.00 0.00 0.00 1.00 0.00 0.00 50 255 1.00 0.00 0.02 0.05 0.00 0.00 0.00 0.00
1 0 275 442 0 0 0 0 0 0 0 0 0 0 0 0 18 18 0.00 0.00 0.00 0.00 1.00 0.00 0.00 60 255 1.00 0.00 0.02 0.05 0.00 0.00 0.00 0.00
1 0 142 3842 0 0 0 0 0 0 0 0 0 0 0 0 4 9 0.00 0.00 0.00 0.00 1.00 0.00 0.33 4 255 1.00 0.00 0.25 0.06 0.00 0.00 0.00 0.00